0.01  0.01
0.02  0.02
0.06  0.06
0.08  0.08
0.105  0.105
0.13  0.13
0.155  0.155
0.18  0.18
0.205  0.205
0.23  0.23
0.255  0.255
0.28  0.28
0.305  0.305
0.33  0.33
0.355  0.355
0.38  0.38
0.405  0.405
0.43  0.43
0.455  0.455
0.48  0.48
0.505  0.505
0.53  0.53
0.555  0.555
0.58  0.58
0.605  0.605
0.63  0.63
0.655  0.655
0.68  0.68
0.705  0.705
0.73  0.73
0.755  0.755
0.78  0.78
0.805  0.805
0.83  0.83
0.855  0.855
0.88  0.88
0.905  0.905
0.93  0.93
0.955  0.955
0.98  0.98
1.005  1.005
1.03  1.03
1.055  1.055
1.08  1.08
1.105  1.105
1.13  1.13
1.155  1.155
1.18  1.18
1.205  1.205
1.23  1.23
1.255  1.255
1.28  1.28
1.305  1.305
1.33  1.33
1.355  1.355
1.38  1.38
1.405  1.405
1.43  1.43
1.455  1.455
1.48  1.48
1.505  1.505
1.53  1.53
1.555  1.555
1.58  1.58
1.605  1.605
1.63  1.63
1.655  1.655
1.68  1.68
1.705  1.705
1.73  1.73
1.755  1.755
1.78  1.78
1.805  1.805
1.83  1.83
1.855  1.855
1.88  1.88
1.905  1.905
1.93  1.93
1.955  1.955
1.98  1.98
2.005  2.005
2.03  2.03
2.055  2.055
2.08  2.08
2.105  2.105
2.13  2.13
2.155  2.155
2.18  2.18
2.205  2.205
2.23  2.23
2.255  2.255
2.28  2.28
2.305  2.305
2.33  2.33
2.355  2.355
2.38  2.38
2.405  2.405
2.43  2.43
2.455  2.455
2.48  2.48
2.505  2.505
2.53  2.53
2.555  2.555
2.58  2.58
2.605  2.605
2.63  2.63
2.655  2.655
2.68  2.68
2.705  2.705
2.73  2.73
2.755  2.755
2.78  2.78
2.805  2.805
2.83  2.83
2.855  2.855
2.88  2.88
2.905  2.905
2.93  2.93
2.955  2.955
2.98  2.98
3.005  3.005
3.03  3.03
3.055  3.055
3.08  3.08
3.105  3.105
3.13  3.13
3.155  3.155
3.18  3.18
3.205  3.205
3.23  3.23
3.255  3.255
3.28  3.28
3.305  3.305
3.33  3.33
3.355  3.355
3.38  3.38
3.405  3.405
3.43  3.43
3.455  3.455
3.48  3.48
3.505  3.505




